start=1.043000
volume=88.000000
border=yes
aid=1
video-aspect-override=1.777778
