start=1427.935312
volume=94.000000
fullscreen=yes
