start=106.775000
pause=yes
volume=88.000000
border=yes
aid=1
video-aspect-override=1.777778
