start=1434.030412
volume=94.000000
fullscreen=yes
