start=687.991000
speed=1.100000
pause=yes
volume=90.000000
border=yes
