start=1307.556000
volume=94.000000
fullscreen=yes
