start=1404.403000
volume=94.000000
fullscreen=yes
