start=1380.629000
volume=94.000000
fullscreen=yes
