start=1427.217000
pause=yes
volume=94.000000
